
1567885742749, 1567885743750, 1001
1567885743750, 1567885744752, 1002
1567885744752, 1567885745753, 1001
1567885745753, 1567885749392, 3639
1567885749392, 1567885750393, 1001
1567885750393, 1567885751395, 1002
1567885751395, 1567885752396, 1001
1567885752396, 1567885753398, 1002
1567885753398, 1567885754399, 1001
1567885754399, 1567885755400, 1001
1567885755400, 1567885756402, 1002
1567885756402, 1567885757403, 1001
1567885757403, 1567885758404, 1001
1567885758404, 1567885759406, 1002
1567885759406, 1567885760407, 1001
1567885760407, 1567885761409, 1002
1567885761409, 1567885762410, 1001
1567885762410, 1567885763412, 1002
1567885763412, 1567885764413, 1001
1567960867984, 1567960868986, 1002
1567960868986, 1567960869987, 1001
1567960869987, 1567960870989, 1002
1567960870989, 1567960871990, 1001
1567960871990, 1567960872992, 1002
1567967249579, 1567967250581, 1002
1567967250581, 1567967251582, 1001
1567967251582, 1567967252583, 1001
1567967252583, 1567967257592, 5009
1567967257592, 1567967258592, 1000
1567967258592, 1567967259593, 1001
1567967259593, 1567967260594, 1001
1567967260594, 1567967261596, 1002
1567967261596, 1567967262597, 1001
