
1567950440.42
1567950441.43
1567950442.43
1567950443.43
1567950532.44
1567950533.45
1567950534.45
1567950535.45
1567950580.78
1567950581.78
1567950582.78
1567950583.79
1567950702.28
1567950703.28
1567950704.29
1567950705.29
1567950748.13
1567950749.13
1567950750.13
1567950751.13
1567950871.23
1567950872.23
1567950873.23
1567950874.23
1567951280.43
1567951281.43
1567951282.43
1567951283.43
1567951322.52
1567951323.52
1567951324.52
1567951325.52
1567951362.0
1567951363.0
1567951364.0
1567951365.0
1567951397.03
1567951398.04
1567951399.04
1567951400.04
1567951475.88
1567951476.88
1567951477.88
1567951478.88
1567951537.62
1567951538.62
1567951539.62
1567951540.62
1567951583.8
1567951584.8
1567951585.8
1567951586.8
1567951643.9
1567951644.9
1567951645.9
1567951646.9
1567951700.91
1567951701.91
1567951702.91
1567951703.91
1567951770.26
1567951771.27
1567951772.27
1567951773.27
1567951825.01
1567951826.02
1567951827.02
1567951828.02
1567952328.23
1567952329.23
1567952330.24
1567952331.24
