
1567950447.4
1567950448.4
1567950449.4
1567950450.41
1567950451.41
1567950452.41
1567950453.41
1567950454.41
1567950455.41
1567950456.41
1567950457.41
1567950458.42
1567950459.42
1567950460.42
1567950539.14
1567950540.14
1567950541.14
1567950542.14
1567950543.15
1567950544.15
1567950545.15
1567950546.15
1567950547.15
1567950548.15
1567950549.15
1567950550.16
1567950551.16
1567950552.16
1567950587.78
1567950588.78
1567950589.78
1567950590.78
1567950591.78
1567950592.78
1567950593.79
1567950594.79
1567950595.79
1567950596.79
1567950597.79
1567950598.79
1567950599.79
1567950600.8
1567950708.88
1567950709.88
1567950710.89
1567950711.89
1567950712.89
1567950713.89
1567950714.89
1567950715.89
1567950716.89
1567950717.9
1567950718.9
1567950719.9
1567950720.9
1567950721.9
1567950754.89
1567950755.89
1567950756.89
1567950757.89
1567950758.89
1567950759.89
1567950760.89
1567950761.9
1567950762.9
1567950763.9
1567950764.9
1567950765.9
1567950766.9
1567950767.9
1567950877.89
1567950878.9
1567950879.9
1567950880.9
1567950881.9
1567950882.9
1567950883.9
1567950884.9
1567950885.91
1567950886.91
1567950887.91
1567950888.91
1567950889.91
1567950890.91
1567951287.0
1567951288.0
1567951289.01
1567951290.01
1567951291.01
1567951292.01
1567951293.01
1567951294.01
1567951295.01
1567951296.02
1567951297.02
1567951298.02
1567951299.02
1567951300.02
1567951329.21
1567951330.21
1567951331.21
1567951332.22
1567951333.22
1567951334.22
1567951335.22
1567951336.22
1567951337.22
1567951338.22
1567951339.23
1567951340.23
1567951341.23
1567951342.23
1567951368.66
1567951369.66
1567951370.66
1567951371.66
1567951372.66
1567951373.67
1567951374.67
1567951375.67
1567951376.67
1567951377.67
1567951378.67
1567951379.67
1567951380.68
1567951381.68
1567951403.89
1567951404.89
1567951405.9
1567951406.9
1567951407.9
1567951408.9
1567951409.9
1567951410.9
1567951411.9
1567951412.9
1567951413.91
1567951414.91
1567951415.91
1567951416.91
1567951482.53
1567951483.53
1567951484.53
1567951485.53
1567951486.53
1567951487.53
1567951488.53
1567951489.54
1567951490.54
1567951491.54
1567951492.54
1567951493.54
1567951494.54
1567951495.54
1567951544.47
1567951545.48
1567951546.48
1567951547.48
1567951548.48
1567951549.48
1567951550.48
1567951551.49
1567951552.49
1567951553.49
1567951554.49
1567951555.49
1567951556.49
1567951557.49
1567951590.68
1567951591.68
1567951592.68
1567951593.68
1567951594.69
1567951595.69
1567951596.69
1567951597.69
1567951598.69
1567951599.69
1567951600.69
1567951601.7
1567951602.7
1567951603.7
1567951650.91
1567951651.92
1567951652.92
1567951653.92
1567951654.92
1567951655.92
1567951656.92
1567951657.92
1567951658.93
1567951659.93
1567951660.93
1567951661.93
1567951662.93
1567951663.93
1567951707.9
1567951708.9
1567951709.9
1567951710.91
1567951711.91
1567951712.91
1567951713.91
1567951714.91
1567951715.91
1567951716.91
1567951717.91
1567951718.92
1567951719.92
1567951720.92
1567951777.02
1567951778.02
1567951779.02
1567951780.02
1567951781.02
1567951782.02
1567951783.02
1567951784.03
1567951785.03
1567951786.03
1567951787.03
1567951788.03
1567951789.03
1567951790.03
1567951831.74
1567951832.74
1567951833.74
1567951834.75
1567951835.75
1567951836.75
1567951837.75
1567951838.75
1567951839.75
1567951840.75
1567951841.76
1567951842.76
1567951843.76
1567951844.76
1567952335.25
1567952336.25
1567952337.25
1567952338.25
1567952339.26
1567952340.26
1567952341.26
1567952342.26
1567952343.26
1567952344.26
1567952345.26
1567952346.27
1567952347.27
