
1.56803231032e+12
1.56803231033e+12
1.56803231034e+12
1.56803231035e+12
1.56803231036e+12
1.56803231037e+12
1.56803231038e+12
1.56803231039e+12
1.5680323104e+12
1.56803231041e+12
1.56803231042e+12
1.56803231043e+12
1.56803231044e+12
1.56803231045e+12
1.56803231046e+12
1.56803231047e+12
1.56803231048e+12
1.56803231049e+12
1.5680323105e+12
1.56803231051e+12
1.56803231052e+12
1.56803231054e+12
1.56803231055e+12
1.56803231056e+12
1.56803231057e+12
1.56803231058e+12
1.56803231059e+12
1.5680323106e+12
1.56803231061e+12
1.56803231062e+12
1.56803231063e+12
1.56803231064e+12
1.56803231065e+12
1.56803231066e+12
1.56803231067e+12
1.56803231068e+12
1.56803231069e+12
1.5680323107e+12
1.56803231071e+12
1.56803231072e+12
1.56803231073e+12
1.56803231075e+12
1.56803231076e+12
1.56803231077e+12
1.56803231078e+12
1.56803231079e+12
1.5680323108e+12
1.56803231081e+12
1.56803231082e+12
1.56803231083e+12
1.56803231084e+12
1.56803231085e+12
1.56803231086e+12
1.56803231087e+12
1.56803231088e+12
1.56803231089e+12
1.5680323109e+12
1.56803231091e+12
1.56803231092e+12
1.56803231093e+12
1.56803231094e+12
1.56803231095e+12
1.56803231097e+12
1.56803231098e+12
1.56803231099e+12
1.568032311e+12
1.56803231101e+12
1.56803231102e+12
1.56803231103e+12
1.56803231104e+12
1.56803231105e+12
1.56803231106e+12
1.56803231107e+12
1.56803231108e+12
1.56803231109e+12
1.5680323111e+12
1.56803231111e+12
1.56803231112e+12
1.56803231113e+12
1.56803231114e+12
1.56803231115e+12
1.56803231116e+12
1.56803231117e+12
1.56803231118e+12
1.5680323112e+12
1.56803231121e+12
1.56803231122e+12
1.56803231123e+12
1.56803231124e+12
1.56803231125e+12
1.56803231126e+12
1.56803231127e+12
1.56803231128e+12
1.56803231129e+12
1.5680323113e+12
1.56803231131e+12
1.56803231132e+12
1.56803231133e+12
1.56803231134e+12
1.56803231135e+12
1.56803231136e+12
1.56803231137e+12
1.56803231138e+12
1.56803231139e+12
1.5680323114e+12
1.56803231141e+12
1.56803231142e+12
1.56803231144e+12
1.56803231145e+12
1.56803231146e+12
1.56803231147e+12
1.56803231148e+12
1.56803231149e+12
1.5680323115e+12
1.56803231151e+12
1.56803231152e+12
1.56803231153e+12
1.56803231154e+12
1.56803231155e+12
1.56803231156e+12
1.56803231157e+12
1.56803231158e+12
1.56803231159e+12
1.5680323116e+12
1.56803231161e+12
1.56803231162e+12
1.56803231163e+12
1.56803231165e+12
1.56803231166e+12
1.56803231167e+12
1.56803231168e+12
1.56803231169e+12
1.5680323117e+12
1.56803231171e+12
1.56803231172e+12
1.56803231173e+12
1.56803231174e+12
1.56803231175e+12
1.56803231176e+12
1.56803231177e+12
1.56803231178e+12
1.56803231179e+12
1.5680323118e+12
1.56803231181e+12
1.56803231182e+12
1.56803231183e+12
1.56803231184e+12
1.56803231185e+12
1.56803231187e+12
1.56803231188e+12
1.56803231189e+12
1.5680323119e+12
1.56803231191e+12
1.56803231192e+12
1.56803231193e+12
1.56803231194e+12
1.56803231195e+12
1.56803231196e+12
1.56803231197e+12
1.56803231198e+12
1.56803231199e+12
1.568032312e+12
1.56803231201e+12
1.56803231202e+12
1.56803231203e+12
1.56803231204e+12
1.56803231205e+12
1.56803231206e+12
1.56803231208e+12
1.56803231209e+12
1.5680323121e+12
1.56803231211e+12
1.56803231212e+12
1.56803231213e+12
1.56803231214e+12
1.56803231215e+12
1.56803231216e+12
1.56803231217e+12
1.56803231218e+12
1.56803231219e+12
1.5680323122e+12
1.56803231221e+12
1.56803231222e+12
1.56803231223e+12
1.56803231224e+12
1.56803231226e+12
1.56803231227e+12
1.56803231228e+12
1.56803231229e+12
1.5680323123e+12
1.56803231231e+12
1.56803231232e+12
1.56803231233e+12
1.56803231234e+12
1.56803231235e+12
1.56803231236e+12
1.56803231237e+12
1.56803231238e+12
1.56803231239e+12
1.5680323124e+12
1.56803231241e+12
1.56803231242e+12
1.56803231243e+12
1.56803231244e+12
1.56803231246e+12
1.56803231247e+12
1.56803231248e+12
1.56803231249e+12
1.5680323125e+12
1.56803231251e+12
1.56803231252e+12
1.56803231253e+12
1.56803231254e+12
1.56803231255e+12
1.56803231256e+12
1.56803231257e+12
1.56803231258e+12
1.56803231259e+12
1.5680323126e+12
1.56803231261e+12
1.56803231262e+12
1.56803231263e+12
1.56803231264e+12
1.56803231265e+12
1.56803231267e+12
1.56803231268e+12
1.56803231269e+12
1.5680323127e+12
1.56803231271e+12
1.56803231272e+12
1.56803231273e+12
1.56803231274e+12
1.56803231275e+12
1.56803231276e+12
1.56803231277e+12
1.56803231278e+12
1.56803231279e+12
1.5680323128e+12
1.56803231281e+12
1.56803231282e+12
1.56803231283e+12
1.56803231284e+12
1.56803231285e+12
1.56803231287e+12
1.56803231288e+12
1.56803231289e+12
1.5680323129e+12
1.56803231291e+12
1.56803231292e+12
1.56803231293e+12
1.56803231294e+12
1.56803231295e+12
1.56803231296e+12
1.56803231297e+12
1.56803231298e+12
1.56803231299e+12
1.568032313e+12
1.56803231301e+12
1.56803231302e+12
1.56803231303e+12
1.56803231304e+12
1.56803231305e+12
1.56803231306e+12
1.56803231308e+12
1.56803231309e+12
1.5680323131e+12
1.56803231311e+12
1.56803231312e+12
1.56803231313e+12
1.56803231314e+12
1.56803231315e+12
1.56803231316e+12
1.56803231317e+12
1.56803231318e+12
1.56803231319e+12
1.5680323132e+12
1.56803231321e+12
1.56803231322e+12
1.56803231323e+12
1.56803231324e+12
1.56803231325e+12
1.56803231326e+12
1.56803231328e+12
1.56803231329e+12
1.5680323133e+12
1.56803231331e+12
1.56803231332e+12
1.56803231333e+12
1.56803231334e+12
1.56803231335e+12
1.56803231336e+12
1.56803231337e+12
1.56803231338e+12
1.56803231339e+12
1.5680323134e+12
1.56803231341e+12
1.56803231342e+12
1.56803231343e+12
1.56803231344e+12
1.56803231345e+12
1.56803231346e+12
1.56803231347e+12
1.56803231349e+12
1.5680323135e+12
1.56803231351e+12
1.56803231352e+12
1.56803231353e+12
1.56803231354e+12
1.56803231355e+12
1.56803231356e+12
1.56803231357e+12
1.56803231358e+12
1.56803231359e+12
1.5680323136e+12
1.56803231361e+12
1.56803231362e+12
1.56803231363e+12
1.56803231364e+12
1.56803231365e+12
1.56803231366e+12
1.56803231367e+12
1.56803231368e+12
1.56803231369e+12
1.5680323137e+12
1.56803231372e+12
1.56803231373e+12
1.56803231374e+12
1.56803231375e+12
1.56803231376e+12
1.56803231377e+12
1.56803231378e+12
1.56803231379e+12
1.5680323138e+12
1.56803231381e+12
1.56803231382e+12
1.56803231383e+12
1.56803231384e+12
1.56803231385e+12
1.56803231386e+12
1.56803231387e+12
1.56803231388e+12
1.56803231389e+12
1.5680323139e+12
1.56803231391e+12
1.56803231392e+12
1.56803231394e+12
1.56803231395e+12
1.56803231396e+12
1.56803231397e+12
1.56803231398e+12
1.56803231399e+12
1.568032314e+12
1.56803231401e+12
1.56803231402e+12
1.56803231403e+12
1.56803231404e+12
1.56803231405e+12
1.56803231406e+12
1.56803231407e+12
1.56803231408e+12
1.56803231409e+12
1.5680323141e+12
1.56803231411e+12
1.56803231412e+12
1.56803231413e+12
1.56803231414e+12
1.56803231415e+12
1.56803231416e+12
1.56803231418e+12
1.56803231419e+12
1.5680323142e+12
1.56803231421e+12
1.56803231422e+12
1.56803231423e+12
1.56803231424e+12
1.56803231425e+12
1.56803231426e+12
1.56803231427e+12
1.56803231428e+12
1.56803231429e+12
1.5680323143e+12
1.56803231431e+12
1.56803231432e+12
1.56803231433e+12
1.56803231434e+12
1.56803231435e+12
1.56803231437e+12
1.56803231438e+12
1.56803231439e+12
1.5680323144e+12
1.56803231441e+12
1.56803231442e+12
1.56803231443e+12
1.56803231444e+12
1.56803231445e+12
1.56803231446e+12
1.56803231447e+12
1.56803231448e+12
1.56803231449e+12
1.5680323145e+12
1.56803231451e+12
1.56803231452e+12
1.56803231453e+12
1.56803231454e+12
1.56803231455e+12
1.56803231456e+12
1.56803231458e+12
1.56803231459e+12
1.5680323146e+12
1.56803231461e+12
1.56803231462e+12
1.56803231463e+12
1.56803231464e+12
1.56803231465e+12
1.56803231466e+12
1.56803231467e+12
1.56803231468e+12
1.56803231469e+12
1.5680323147e+12
1.56803231471e+12
1.56803231472e+12
1.56803231473e+12
1.56803231474e+12
1.56803231475e+12
1.56803231476e+12
1.56803231478e+12
1.56803231479e+12
1.5680323148e+12
1.56803231481e+12
1.56803231482e+12
1.56803231483e+12
1.56803231484e+12
1.56803231485e+12
1.56803231486e+12
1.56803231487e+12
1.56803231488e+12
1.56803231489e+12
1.5680323149e+12
1.56803231491e+12
1.56803231492e+12
1.56803231493e+12
1.56803231494e+12
1.56803231495e+12
1.56803231496e+12
1.56803231498e+12
1.56803231499e+12
1.568032315e+12
1.56803231501e+12
1.56803231502e+12
1.56803231503e+12
1.56803231504e+12
1.56803231505e+12
1.56803231506e+12
1.56803231507e+12
1.56803231508e+12
1.56803231509e+12
1.5680323151e+12
1.56803231511e+12
1.56803231512e+12
1.56803231513e+12
1.56803231514e+12
1.56803231515e+12
1.56803231516e+12
1.56803231517e+12
1.56803231519e+12
1.5680323152e+12
1.56803231521e+12
1.56803231522e+12
1.56803231523e+12
1.56803231524e+12
1.56803231525e+12
1.56803231526e+12
1.56803231527e+12
1.56803231528e+12
1.56803231529e+12
1.5680323153e+12
1.56803231592e+12
1.56803231593e+12
1.56803231594e+12
1.56803231595e+12
1.56803231596e+12
1.56803231597e+12
1.56803231598e+12
1.56803231599e+12
1.568032316e+12
1.56803231602e+12
1.56803231603e+12
1.56803231604e+12
1.56803231605e+12
1.56803231606e+12
1.56803231607e+12
1.56803231608e+12
1.56803231609e+12
1.5680323161e+12
1.56803231611e+12
1.56803231612e+12
1.56803231613e+12
1.56803231614e+12
1.56803231615e+12
1.56803231616e+12
1.56803231617e+12
1.56803231618e+12
1.56803231619e+12
1.5680323162e+12
1.56803231621e+12
1.56803231622e+12
1.56803231624e+12
1.56803231625e+12
1.56803231626e+12
1.56803231627e+12
1.56803231628e+12
1.56803231629e+12
1.5680323163e+12
1.56803231631e+12
1.56803231632e+12
1.56803231633e+12
1.56803231634e+12
1.56803231635e+12
1.56803231636e+12
1.56803231637e+12
1.56803231638e+12
1.56803231639e+12
1.56803231641e+12
1.56803231642e+12
1.56803231643e+12
1.56803231644e+12
1.56803231645e+12
1.56803231646e+12
1.56803231647e+12
1.56803231648e+12
1.56803231649e+12
1.5680323165e+12
1.56803231651e+12
1.56803231652e+12
1.56803231653e+12
1.56803231654e+12
1.56803231655e+12
1.56803231656e+12
1.56803231657e+12
1.56803231658e+12
1.5680323166e+12
1.56803231661e+12
1.56803231662e+12
1.56803231663e+12
1.56803231664e+12
1.56803231665e+12
1.56803231666e+12
1.56803231667e+12
1.56803231668e+12
1.56803231669e+12
1.5680323167e+12
1.56803231671e+12
1.56803231672e+12
1.56803231673e+12
1.56803231674e+12
1.56803231675e+12
1.56803231676e+12
1.56803231677e+12
1.56803231678e+12
1.56803231678e+12
1.56803231679e+12
1.56803231681e+12
1.56803231682e+12
1.56803231683e+12
1.56803231684e+12
1.56803231685e+12
1.56803231686e+12
1.56803231687e+12
1.56803231688e+12
1.56803231689e+12
1.5680323169e+12
1.56803231691e+12
1.56803231692e+12
1.56803231693e+12
1.56803231694e+12
1.56803231695e+12
1.56803231696e+12
1.56803231697e+12
1.56803231698e+12
1.56803231699e+12
1.568032317e+12
1.56803231701e+12
1.56803231702e+12
1.56803231703e+12
1.56803231704e+12
1.56803231706e+12
1.56803231707e+12
1.56803231708e+12
1.56803231709e+12
1.5680323171e+12
1.56803231711e+12
1.56803231712e+12
1.56803231713e+12
1.56803231714e+12
1.56803231715e+12
1.56803231716e+12
1.56803231717e+12
1.56803231718e+12
1.56803231719e+12
1.5680323172e+12
1.56803231721e+12
1.56803231722e+12
1.56803231723e+12
1.56803231724e+12
1.56803231725e+12
1.56803231727e+12
1.56803231728e+12
1.56803231729e+12
1.5680323173e+12
1.56803231731e+12
1.56803231732e+12
1.56803231733e+12
1.56803231734e+12
1.56803231735e+12
1.56803231736e+12
1.56803231737e+12
1.56803231738e+12
1.56803231739e+12
1.5680323174e+12
1.56803231741e+12
1.56803231742e+12
1.56803231743e+12
1.56803231744e+12
1.56803231745e+12
1.56803231747e+12
1.56803231748e+12
1.56803231749e+12
1.5680323175e+12
1.56803231751e+12
1.56803231752e+12
1.56803231753e+12
1.56803231754e+12
1.56803231755e+12
1.56803231756e+12
1.56803231757e+12
1.56803231758e+12
1.56803231759e+12
1.5680323176e+12
1.56803231761e+12
1.56803231762e+12
1.56803231763e+12
1.56803231764e+12
1.56803231765e+12
1.56803231766e+12
1.56803231768e+12
1.56803231769e+12
1.5680323177e+12
1.56803231771e+12
1.56803231772e+12
1.56803231773e+12
1.56803231774e+12
1.56803231775e+12
1.56803231776e+12
1.56803231777e+12
1.56803231778e+12
1.56803231779e+12
1.5680323178e+12
1.56803231781e+12
1.56803231782e+12
1.56803231783e+12
1.56803231784e+12
1.56803231785e+12
1.56803231786e+12
1.56803231788e+12
1.56803231789e+12
1.5680323179e+12
1.56803231791e+12
1.56803231792e+12
1.56803231793e+12
1.56803231794e+12
1.56803231795e+12
1.56803231796e+12
1.56803231797e+12
1.56803231798e+12
1.56803231799e+12
1.568032318e+12
1.56803231801e+12
1.56803231802e+12
1.56803231803e+12
1.56803231804e+12
1.56803231805e+12
1.56803231806e+12
1.56803231807e+12
1.56803231808e+12
1.56803231809e+12
1.5680323181e+12
1.56803231811e+12
1.56803231812e+12
1.56803231813e+12
1.56803231814e+12
1.56803231815e+12
1.56803231816e+12
1.56803231817e+12
1.56803231818e+12
1.5680323182e+12
1.56803231821e+12
1.56803231822e+12
1.56803231823e+12
1.56803231824e+12
1.56803231825e+12
1.56803231826e+12
1.56803231827e+12
1.56803231828e+12
1.56803231829e+12
1.5680323183e+12
1.56803231831e+12
1.56803231832e+12
1.56803231833e+12
1.56803231834e+12
1.56803231835e+12
1.56803231836e+12
1.56803231837e+12
1.56803231838e+12
1.56803231839e+12
1.5680323184e+12
1.56803231841e+12
1.56803231842e+12
1.56803231844e+12
1.56803231845e+12
1.56803231846e+12
1.56803231847e+12
1.56803231848e+12
1.56803231849e+12
1.5680323185e+12
1.56803231851e+12
1.56803231852e+12
1.56803231853e+12
1.56803231854e+12
1.56803231855e+12
1.56803231856e+12
1.56803231857e+12
1.56803231858e+12
1.56803231859e+12
1.5680323186e+12
1.56803231861e+12
1.56803231862e+12
1.56803231864e+12
1.56803231865e+12
1.56803231866e+12
1.56803231867e+12
1.56803231868e+12
1.56803231869e+12
1.5680323187e+12
1.56803231871e+12
1.56803231872e+12
1.56803231873e+12
1.56803231874e+12
1.56803231875e+12
1.56803231876e+12
1.56803231877e+12
1.56803231878e+12
1.56803231879e+12
1.5680323188e+12
1.56803231881e+12
1.56803231882e+12
1.56803231883e+12
1.56803231884e+12
1.56803231885e+12
1.56803231887e+12
1.56803231888e+12
1.56803231889e+12
1.5680323189e+12
1.56803231891e+12
1.56803231892e+12
1.56803231893e+12
1.56803231894e+12
1.56803231895e+12
1.56803231896e+12
1.56803231897e+12
1.56803231898e+12
1.56803231899e+12
1.568032319e+12
1.56803231901e+12
1.56803231902e+12
1.56803231903e+12
1.56803231904e+12
1.56803231905e+12
1.56803231906e+12
1.56803231908e+12
1.56803231909e+12
1.5680323191e+12
1.56803231911e+12
1.56803231912e+12
1.56803231913e+12
1.56803231914e+12
1.56803231915e+12
1.56803231916e+12
1.56803231917e+12
1.56803231918e+12
1.56803231919e+12
1.5680323192e+12
1.56803231921e+12
1.56803231922e+12
1.56803231923e+12
1.56803231924e+12
1.56803231925e+12
1.56803231926e+12
1.56803231927e+12
1.56803231929e+12
1.5680323193e+12
1.56803231931e+12
1.56803231932e+12
1.56803231933e+12
1.56803231934e+12
1.56803231935e+12
1.56803231936e+12
1.56803231937e+12
1.56803231938e+12
1.56803231939e+12
1.5680323194e+12
1.56803231941e+12
1.56803231942e+12
1.56803231943e+12
1.56803231944e+12
1.56803231945e+12
1.56803231946e+12
1.56803231947e+12
1.56803231949e+12
1.5680323195e+12
1.56803231951e+12
1.56803231952e+12
1.56803231953e+12
1.56803231954e+12
1.56803231955e+12
1.56803231956e+12
1.56803231957e+12
1.56803231958e+12
1.56803231959e+12
1.5680323196e+12
1.56803231961e+12
1.56803231962e+12
1.56803231963e+12
1.56803231964e+12
1.56803231965e+12
1.56803231966e+12
1.56803231967e+12
1.56803231968e+12
1.5680323197e+12
1.56803231971e+12
1.56803231972e+12
1.56803231973e+12
1.56803231974e+12
1.56803231975e+12
1.56803231976e+12
1.56803231977e+12
1.56803231978e+12
1.56803231979e+12
1.5680323198e+12
1.56803231981e+12
1.56803231982e+12
1.56803231983e+12
1.56803231984e+12
1.56803231985e+12
1.56803231986e+12
1.56803231987e+12
1.56803231988e+12
1.5680323199e+12
1.56803231991e+12
1.56803231992e+12
1.56803231993e+12
1.56803231994e+12
1.56803231995e+12
1.56803231996e+12
1.56803231997e+12
1.56803231998e+12
1.56803231999e+12
1.56803232e+12
1.56803232001e+12
1.56803232002e+12
1.56803232003e+12
1.56803232004e+12
1.56803232005e+12
1.56803232006e+12
1.56803232007e+12
1.56803232008e+12
1.56803232009e+12
1.5680323201e+12
1.56803232012e+12
1.56803232013e+12
1.56803232014e+12
1.56803232015e+12
1.56803232016e+12
1.56803232017e+12
1.56803232018e+12
1.56803232019e+12
1.5680323202e+12
1.56803232021e+12
1.56803232022e+12
1.56803232023e+12
1.56803232024e+12
1.56803232025e+12
1.56803232026e+12
1.56803232027e+12
1.56803232028e+12
1.56803232029e+12
1.5680323203e+12
1.56803232031e+12
1.56803232033e+12
1.56803232034e+12
1.56803232035e+12
1.56803232036e+12
1.56803232037e+12
1.56803232038e+12
1.56803232039e+12
1.5680323204e+12
1.56803232041e+12
1.56803232042e+12
1.56803232043e+12
1.56803232044e+12
1.56803232045e+12
1.56803232046e+12
1.56803232047e+12
1.56803232048e+12
1.56803232049e+12
1.5680323205e+12
1.56803232051e+12
1.56803232052e+12
1.56803232053e+12
1.56803232055e+12
1.56803232056e+12
1.56803232057e+12
1.56803232058e+12
1.56803232059e+12
1.5680323206e+12
1.56803232061e+12
1.56803232062e+12
1.56803232063e+12
1.56803232064e+12
1.56803232065e+12
1.56803232066e+12
1.56803232067e+12
1.56803232068e+12
1.56803232069e+12
1.5680323207e+12
1.56803232071e+12
1.56803232072e+12
1.56803232073e+12
1.56803232074e+12
1.56803232076e+12
1.56803232077e+12
1.56803232078e+12
1.56803232079e+12
1.5680323208e+12
1.56803232081e+12
1.56803232082e+12
1.56803232083e+12
1.56803232084e+12
1.56803232085e+12
1.56803232086e+12
1.56803232087e+12
1.56803232088e+12
1.56803232089e+12
1.5680323209e+12
1.56803232091e+12
1.56803232092e+12
1.56803232093e+12
1.56803232094e+12
1.56803232095e+12
1.56803232096e+12
1.56803232097e+12
1.56803232099e+12
1.568032321e+12
1.56803232101e+12
1.56803232102e+12
1.56803232103e+12
1.56803232104e+12
1.56803232105e+12
1.56803232106e+12
1.56803232107e+12
1.56803232108e+12
1.56803232109e+12
1.5680323211e+12
1.56803232111e+12
1.56803232112e+12
1.56803232113e+12
1.56803232114e+12
1.56803232115e+12
1.56803232116e+12
1.56803232117e+12
1.56803232118e+12
1.56803232119e+12
1.5680323212e+12
1.56803232122e+12
1.56803232123e+12
1.56803232124e+12
1.56803232125e+12
1.56803232126e+12
1.56803232127e+12
1.56803232128e+12
1.56803232129e+12
1.5680323213e+12
1.56803232131e+12
1.56803232132e+12
1.56803232133e+12
1.56803232134e+12
1.56803232135e+12
1.56803232136e+12
1.56803232137e+12
1.56803232138e+12
1.56803232139e+12
1.5680323214e+12
1.56803232141e+12
1.56803232142e+12
1.56803232144e+12
1.56803232145e+12
1.56803232146e+12
1.56803232147e+12
1.56803232148e+12
1.56803232149e+12
1.5680323215e+12
1.56803232151e+12
1.56803232152e+12
1.56803232153e+12
1.56803232154e+12
1.56803232155e+12
1.56803232156e+12
1.56803232157e+12
1.56803232158e+12
1.56803232159e+12
1.5680323216e+12
1.56803232161e+12
1.56803232162e+12
1.56803232163e+12
1.56803232164e+12
1.56803232165e+12
1.56803232166e+12
1.56803232168e+12
1.56803232169e+12
1.5680323217e+12
1.56803232171e+12
1.56803232172e+12
1.56803232173e+12
1.56803232174e+12
1.56803232175e+12
1.56803232176e+12
1.56803232177e+12
1.56803232178e+12
1.56803232179e+12
1.5680323218e+12
1.56803232181e+12
1.56803232182e+12
1.56803232183e+12
1.56803232184e+12
1.56803232185e+12
1.56803232186e+12
1.56803232187e+12
1.56803232188e+12
1.5680323219e+12
1.56803232191e+12
1.56803232192e+12
1.56803232193e+12
1.56803232194e+12
1.56803232195e+12
1.56803232196e+12
1.56803232197e+12
1.56803232198e+12
1.56803232199e+12
1.568032322e+12
1.56803232201e+12
1.56803232202e+12
1.56803232203e+12
1.56803232204e+12
1.56803232205e+12
1.56803232206e+12
1.56803232207e+12
1.56803232208e+12
1.56803232209e+12
1.5680323221e+12
1.56803232211e+12
1.56803232212e+12
1.56803232214e+12
1.56803232215e+12
1.56803232216e+12
1.56803232217e+12
1.56803232218e+12
1.56803232219e+12
1.5680323222e+12
1.56803232221e+12
1.56803232222e+12
1.56803232223e+12
1.56803232224e+12
1.56803232225e+12
1.56803232226e+12
1.56803232227e+12
1.56803232228e+12
1.56803232229e+12
1.5680323223e+12
1.56803232231e+12
1.56803232232e+12
1.56803232233e+12
1.56803232234e+12
1.56803232235e+12
1.56803232236e+12
1.56803232237e+12
1.56803232239e+12
1.5680323224e+12
1.56803232241e+12
1.56803232242e+12
1.56803232243e+12
1.56803232244e+12
1.56803232245e+12
1.56803232246e+12
1.56803232247e+12
1.56803232248e+12
1.56803232249e+12
1.5680323225e+12
1.56803232251e+12
1.56803232252e+12
1.56803232253e+12
1.56803232254e+12
1.56803232255e+12
1.56803232256e+12
1.56803232257e+12
1.56803232258e+12
1.56803232259e+12
1.5680323226e+12
1.56803232262e+12
1.56803232263e+12
1.56803232264e+12
1.56803232265e+12
1.56803232266e+12
1.56803232267e+12
1.56803232268e+12
1.56803232269e+12
1.5680323227e+12
1.56803232271e+12
1.56803232272e+12
1.56803232273e+12
1.56803232274e+12
1.56803232275e+12
1.56803232276e+12
1.56803232277e+12
1.56803232278e+12
1.56803232279e+12
1.5680323228e+12
1.56803232281e+12
1.56803232282e+12
1.56803232283e+12
1.56803232285e+12
1.56803232286e+12
1.56803232287e+12
1.56803232288e+12
1.56803232289e+12
1.5680323229e+12
1.56803232291e+12
1.56803232292e+12
1.56803232293e+12
1.56803232294e+12
1.56803232295e+12
1.56803232296e+12
1.56803232297e+12
1.56803232298e+12
1.56803232299e+12
1.568032323e+12
1.56803232301e+12
1.56803232302e+12
1.56803232303e+12
1.56803232304e+12
1.56803232305e+12
1.56803232306e+12
1.56803232307e+12
1.56803232309e+12
1.5680323231e+12
1.56803232311e+12
1.56803232312e+12
1.56803232313e+12
1.56803232314e+12
1.56803232315e+12
1.56803232316e+12
1.56803232317e+12
1.56803232318e+12
1.56803232319e+12
1.5680323232e+12
1.56803232321e+12
1.56803232322e+12
1.56803232323e+12
1.56803232324e+12
1.56803232325e+12
1.56803232326e+12
1.56803232327e+12
1.56803232328e+12
1.56803232329e+12
1.5680323233e+12
1.56803232332e+12
1.56803232333e+12
1.56803232334e+12
1.56803232335e+12
1.56803232336e+12
1.56803232337e+12
1.56803232338e+12
1.56803232339e+12
1.5680323234e+12
1.56803232341e+12
1.56803232342e+12
1.56803232343e+12
1.56803232344e+12
1.56803232345e+12
1.56803232346e+12
1.56803232347e+12
1.56803232348e+12
1.56803232349e+12
1.5680323235e+12
1.56803232351e+12
1.56803232352e+12
1.56803232353e+12
1.56803232354e+12
1.56803232356e+12
1.56803232357e+12
1.56803232358e+12
1.56803232359e+12
1.5680323236e+12
1.56803232361e+12
1.56803232362e+12
1.56803232363e+12
1.56803232364e+12
1.56803232365e+12
1.56803232366e+12
1.56803232367e+12
1.56803232368e+12
1.56803232369e+12
1.5680323237e+12
1.56803232371e+12
1.56803232372e+12
1.56803232373e+12
1.56803232374e+12
1.56803232375e+12
1.56803232376e+12
1.56803232377e+12
1.56803232379e+12
1.5680323238e+12
1.56803232381e+12
1.56803232382e+12
1.56803232383e+12
1.56803232384e+12
1.56803232385e+12
1.56803232386e+12
1.56803232387e+12
1.56803232388e+12
1.56803232389e+12
1.5680323239e+12
1.56803232391e+12
1.56803232392e+12
1.56803232393e+12
1.56803232394e+12
1.56803232395e+12
1.56803232396e+12
1.56803232397e+12
1.56803232398e+12
1.56803232399e+12
1.568032324e+12
1.56803232401e+12
1.56803232402e+12
1.56803232403e+12
1.56803232405e+12
1.56803232406e+12
1.56803232407e+12
1.56803232408e+12
1.56803232409e+12
1.5680323241e+12
1.56803232411e+12
1.56803232412e+12
1.56803232413e+12
1.56803232414e+12
1.56803232415e+12
1.56803232416e+12
1.56803232417e+12
1.56803232418e+12
1.56803232419e+12
1.5680323242e+12
1.56803232421e+12
1.56803232422e+12
1.56803232423e+12
1.56803232424e+12
1.56803232425e+12
1.56803232426e+12
1.56803232427e+12
1.56803232428e+12
1.5680323243e+12
1.56803232431e+12
1.56803232432e+12
1.56803232433e+12
1.56803232434e+12
1.56803232435e+12
1.56803232436e+12
1.56803232437e+12
1.56803232438e+12
1.56803232439e+12
1.5680323244e+12
1.56803232441e+12
1.56803232442e+12
1.56803232443e+12
1.56803232444e+12
1.56803232445e+12
1.56803232446e+12
1.56803232447e+12
1.56803232448e+12
1.56803232449e+12
1.5680323245e+12
1.56803232451e+12
1.56803232453e+12
1.56803232454e+12
1.56803232455e+12
1.56803232456e+12
1.56803232457e+12
1.56803232458e+12
1.56803232459e+12
1.5680323246e+12
1.56803232461e+12
1.56803232462e+12
1.56803232463e+12
1.56803232464e+12
1.56803232465e+12
1.56803232466e+12
1.56803232467e+12
1.56803232468e+12
1.56803232469e+12
1.5680323247e+12
1.56803232471e+12
1.56803232472e+12
1.56803232473e+12
1.56803232474e+12
1.56803232475e+12
1.56803232477e+12
1.56803232478e+12
1.56803232479e+12
1.5680323248e+12
1.56803232481e+12
1.56803232482e+12
1.56803232483e+12
1.56803232484e+12
1.56803232485e+12
1.56803232486e+12
1.56803232487e+12
1.56803232488e+12
1.56803232489e+12
1.5680323249e+12
1.56803232491e+12
1.56803232492e+12
1.56803232493e+12
1.56803232494e+12
1.56803232495e+12
1.56803232496e+12
1.56803232497e+12
1.56803232498e+12
1.56803232499e+12
1.568032325e+12
1.56803232501e+12
1.56803232503e+12
1.56803232504e+12
1.56803232505e+12
1.56803232506e+12
1.56803232507e+12
1.56803232508e+12
1.56803232509e+12
1.5680323251e+12
1.56803232511e+12
1.56803232512e+12
1.56803232513e+12
1.56803232514e+12
1.56803232515e+12
1.56803232516e+12
1.56803232517e+12
1.56803232518e+12
1.56803232519e+12
1.5680323252e+12
1.56803232521e+12
1.56803232522e+12
1.56803232523e+12
1.56803232524e+12
1.56803232525e+12
1.56803232526e+12
1.56803232527e+12
1.56803232528e+12
1.5680323253e+12
1.56803232531e+12
1.56803232532e+12
1.56803232533e+12
1.56803232534e+12
1.56803232535e+12
1.56803232536e+12
1.56803232537e+12
1.56803232538e+12
1.56803232539e+12
1.5680323254e+12
1.56803232541e+12
1.56803232542e+12
1.56803232543e+12
1.56803232544e+12
1.56803232545e+12
1.56803232546e+12
1.56803232547e+12
1.56803232548e+12
1.56803232549e+12
1.5680323255e+12
1.56803232551e+12
1.56803232552e+12
1.56803232553e+12
1.56803232554e+12
1.56803232556e+12
1.56803232557e+12
1.56803232558e+12
1.56803232559e+12
1.5680323256e+12
1.56803232561e+12
1.56803232562e+12
1.56803232563e+12
1.56803232564e+12
1.56803232565e+12
1.56803232566e+12
1.56803232567e+12
1.56803232568e+12
1.56803232569e+12
1.5680323257e+12
1.56803232571e+12
1.56803232572e+12
1.56803232573e+12
1.56803232574e+12
1.56803232575e+12
1.56803232576e+12
1.56803232577e+12
1.56803232578e+12
1.56803232579e+12
1.56803232581e+12
1.56803232582e+12
1.56803232583e+12
1.56803232584e+12
1.56803232585e+12
1.56803232586e+12
1.56803232587e+12
1.56803232588e+12
1.56803232589e+12
1.5680323259e+12
1.56803232591e+12
1.56803232592e+12
1.56803232593e+12
1.56803232594e+12
1.56803232595e+12
1.56803232596e+12
1.56803232597e+12
1.56803232598e+12
1.56803232599e+12
1.568032326e+12
1.56803232601e+12
1.56803232602e+12
1.56803232603e+12
1.56803232605e+12
1.56803232606e+12
1.56803232607e+12
1.56803232608e+12
1.56803232609e+12
1.5680323261e+12
1.56803232611e+12
1.56803232612e+12
1.56803232613e+12
1.56803232614e+12
1.56803232615e+12
1.56803232616e+12
1.56803232617e+12
1.56803232618e+12
1.56803232619e+12
1.5680323262e+12
1.56803232621e+12
1.56803232622e+12
1.56803232623e+12
1.56803232624e+12
1.56803232625e+12
1.56803232626e+12
1.56803232627e+12
1.56803232629e+12
1.5680323263e+12
1.56803232631e+12
1.56803232632e+12
1.56803232633e+12
1.56803232634e+12
1.56803232635e+12
1.56803232636e+12
1.56803232637e+12
1.56803232638e+12
1.56803232639e+12
1.5680323264e+12
1.56803232641e+12
1.56803232642e+12
1.56803232643e+12
1.56803232644e+12
1.56803232645e+12
1.56803232646e+12
1.56803232647e+12
1.56803232648e+12
1.56803232649e+12
1.5680323265e+12
1.56803232651e+12
1.56803232653e+12
1.56803232654e+12
1.56803232655e+12
1.56803232656e+12
1.56803232657e+12
1.56803232658e+12
1.56803232659e+12
1.5680323266e+12
1.56803232661e+12
1.56803232662e+12
1.56803232663e+12
1.56803232664e+12
1.56803232665e+12
1.56803232666e+12
1.56803232667e+12
1.56803232668e+12
1.56803232669e+12
1.5680323267e+12
1.56803232671e+12
1.56803232672e+12
1.56803232673e+12
1.56803232674e+12
1.56803232675e+12
1.56803232676e+12
1.56803232677e+12
1.56803232679e+12
1.5680323268e+12
1.56803232681e+12
1.56803232682e+12
1.56803232683e+12
1.56803232684e+12
1.56803232685e+12
1.56803232686e+12
1.56803232687e+12
1.56803232688e+12
1.56803232689e+12
1.5680323269e+12
1.56803232691e+12
1.56803232692e+12
1.56803232693e+12
1.56803232694e+12
1.56803232695e+12
1.56803232696e+12
1.56803232697e+12
1.56803232699e+12
1.568032327e+12
1.56803232701e+12
1.56803232702e+12
1.56803232703e+12
1.56803232704e+12
1.56803232705e+12
1.56803232706e+12
1.56803232707e+12
1.56803232708e+12
1.56803232709e+12
1.5680323271e+12
1.56803232711e+12
1.56803232712e+12
1.56803232713e+12
1.56803232714e+12
1.56803232715e+12
1.56803232716e+12
1.56803232717e+12
1.56803232718e+12
1.56803232719e+12
1.5680323272e+12
1.56803232721e+12
1.56803232722e+12
1.56803232723e+12
1.56803232724e+12
1.56803232725e+12
1.56803232726e+12
1.56803232727e+12
1.56803232728e+12
1.56803232729e+12
1.56803232731e+12
1.56803232732e+12
1.56803232733e+12
1.56803232734e+12
1.56803232735e+12
1.56803232736e+12
1.56803232737e+12
1.56803232738e+12
1.56803232739e+12
1.5680323274e+12
1.56803232741e+12
1.56803232742e+12
1.56803232743e+12
1.56803232744e+12
1.56803232745e+12
1.56803232746e+12
1.56803232747e+12
1.56803232748e+12
1.56803232749e+12
1.5680323275e+12
1.56803232751e+12
1.56803232752e+12
1.56803232753e+12
1.56803232754e+12
1.56803232755e+12
1.56803232756e+12
1.56803232757e+12
1.56803232758e+12
1.56803232759e+12
1.5680323276e+12
1.56803232761e+12
1.56803232762e+12
1.56803232764e+12
1.56803232765e+12
1.56803232766e+12
1.56803232767e+12
1.56803232768e+12
1.56803232769e+12
1.5680323277e+12
1.56803232771e+12
1.56803232772e+12
1.56803232773e+12
1.56803232774e+12
1.56803232775e+12
1.56803232776e+12
1.56803232777e+12
1.56803232778e+12
1.56803232779e+12
1.5680323278e+12
1.56803232781e+12
1.56803232782e+12
1.56803232783e+12
1.56803232784e+12
1.56803232785e+12
1.56803232786e+12
1.56803232787e+12
1.56803232788e+12
1.56803232789e+12
1.56803232791e+12
1.56803232792e+12
1.56803232793e+12
1.56803232794e+12
1.56803232795e+12
1.56803232796e+12
1.56803232797e+12
1.56803232798e+12
1.56803232799e+12
1.568032328e+12
1.56803232801e+12
1.56803232802e+12
1.56803232803e+12
1.56803232804e+12
1.56803232805e+12
1.56803232806e+12
1.56803232807e+12
1.56803232808e+12
1.56803232809e+12
1.5680323281e+12
1.56803232811e+12
1.56803232812e+12
1.56803232813e+12
1.56803232814e+12
1.56803232815e+12
1.56803232816e+12
1.56803232817e+12
1.56803232818e+12
1.5680323282e+12
1.56803232821e+12
