
1.56803400438e+12
1.56803400448e+12
1.56803400459e+12
1.56803400469e+12
1.56803400479e+12
1.56803400489e+12
1.56803400499e+12
1.56803400509e+12
1.56803400519e+12
1.56803400529e+12
1.56803400539e+12
1.56803400549e+12
1.56803400559e+12
1.56803400569e+12
1.56803400579e+12
1.56803400589e+12
1.56803400599e+12
1.56803400609e+12
1.56803400619e+12
1.56803400629e+12
1.56803400639e+12
1.56803400649e+12
1.56803400659e+12
1.5680340067e+12
1.5680340068e+12
1.5680340069e+12
1.568034007e+12
1.5680340071e+12
1.5680340072e+12
1.5680340073e+12
1.5680340074e+12
1.5680340075e+12
1.5680340076e+12
1.5680340077e+12
1.5680340078e+12
1.5680340079e+12
1.568034008e+12
1.5680340081e+12
1.5680340082e+12
1.5680340083e+12
1.5680340084e+12
1.56803400851e+12
1.56803400861e+12
1.56803400871e+12
1.56803400881e+12
1.56803400891e+12
1.56803400901e+12
1.56803400911e+12
1.56803400921e+12
1.56803400931e+12
1.56803400941e+12
1.56803400951e+12
1.56803400961e+12
1.56803400971e+12
1.56803400981e+12
1.56803400991e+12
1.56803401001e+12
1.56803401011e+12
1.56803401021e+12
1.56803401031e+12
1.56803401042e+12
1.56803401052e+12
1.56803401062e+12
1.56803401072e+12
1.56803401082e+12
1.56803401092e+12
1.56803401102e+12
1.56803401112e+12
1.56803401122e+12
1.56803401132e+12
1.56803401142e+12
1.56803401152e+12
1.56803401162e+12
1.56803401172e+12
1.56803401182e+12
1.56803401192e+12
1.56803401202e+12
1.56803401212e+12
1.56803401222e+12
1.56803401233e+12
1.56803401243e+12
1.56803401253e+12
1.56803401263e+12
1.56803401273e+12
1.56803401283e+12
1.56803401293e+12
1.56803401303e+12
1.56803401313e+12
1.56803401323e+12
1.56803401333e+12
1.56803401343e+12
1.56803401353e+12
1.56803401363e+12
1.56803401373e+12
1.56803401383e+12
1.56803401393e+12
1.56803401403e+12
1.56803401413e+12
1.56803401424e+12
1.56803401434e+12
1.56803401444e+12
1.56803401454e+12
1.56803401464e+12
1.56803401474e+12
1.56803401484e+12
1.56803401494e+12
1.56803401504e+12
1.56803401514e+12
1.56803401524e+12
1.56803401534e+12
1.56803401544e+12
1.56803401554e+12
1.56803401564e+12
1.56803401574e+12
1.56803401584e+12
1.56803401594e+12
1.56803401604e+12
1.56803401614e+12
1.56803401625e+12
1.56803401635e+12
1.56803401645e+12
1.56803401655e+12
1568034016.65
1568034016.75
1568034016.85
1568034016.95
1568034017.05
1568034017.15
1568034017.25
1568034017.35
1568034017.45
1568034017.55
1568034017.65
1568034017.75
1568034017.85
1568034017.95
1568034018.05
1568034018.16
1568034018.26
1568034018.36
1568034018.46
1568034018.56
1568034018.66
1568034018.76
1568034018.86
1568034018.96
1568034019.06
1568034019.16
1568034019.26
1568034019.36
1568034019.46
1568034019.56
1568034019.66
1568034019.76
1568034019.86
1568034019.96
1568034020.06
1568034020.17
1568034020.27
1568034020.37
1568034020.47
1568034020.57
1568034020.67
1568034020.77
1568034020.87
1568034020.97
1568034021.07
1568034021.17
1568034021.27
1568034021.37
1568034021.47
1568034021.57
1568034021.67
1568034021.77
1568034021.87
1568034021.98
1568034022.08
1568034022.18
1568034022.28
1568034022.38
1568034022.48
1568034022.58
1568034022.68
1568034022.78
1568034022.88
1568034022.98
1568034023.08
1568034023.18
1568034023.28
1568034023.38
1568034023.48
1568034023.58
1568034023.68
1568034023.78
1568034023.89
1568034023.99
1568034024.09
1568034024.19
1568034024.29
1568034024.39
1568034024.49
1568034024.59
1568034024.69
1568034024.79
1568034024.89
1568034024.99
1568034025.09
1568034025.19
1568034025.29
1568034025.39
1568034025.49
1568034025.59
1568034025.7
1568034025.8
1568034025.9
1568034026.0
1568034026.1
1568034026.2
1568034026.3
1568034026.4
1568034026.5
1568034026.6
1568034026.7
1568034026.8
1568034026.9
1568034027.0
1568034027.1
1568034027.2
1568034027.3
1568034027.4
1568034027.51
1568034027.61
1568034027.71
1568034027.81
1568034027.91
1568034028.01
