1567967438518, 1567967439520, 1002
1567967439520, 1567967440521, 1001
1567967440521, 1567967441522, 1001
1567967441522, 1567967442524, 1002
1567967442524, 1567967447531, 5007
1567967447531, 1567967448532, 1001
1567967448532, 1567967449533, 1001
1567967449533, 1567967450535, 1002
1567967450535, 1567967451536, 1001
1567967637310, 1567967638312, 1002
1567967638312, 1567967639313, 1001
1567967639313, 1567967640314, 1001
1567967640314, 1567967641316, 1002
1567967641316, 1567967642317, 1001
1567967642317, 1567967647324, 5007
1567967647324, 1567967648325, 1001
1567967648325, 1567967649327, 1002
1567967649327, 1567967650328, 1001
1567967650328, 1567967651330, 1002
